Donald Trump:
MSE: 10355467.293225
PCA_Matrix:
[[  2.60094595e-02   4.33137916e-02   4.26544586e-02 ...,  -5.58593319e-06
   -6.12718358e-07  -1.79283532e-06]
 [  2.44617504e-02   4.04944008e-02   4.17235419e-02 ...,  -2.04585199e-05
    1.79205926e-06  -1.00711356e-05]
 [  9.80264471e-08   3.17224065e-07   3.78986708e-07 ...,  -6.13614315e-03
   -4.06423460e-03   2.84432059e-03]
 ..., 
 [  2.75100806e-05   8.36805571e-05   6.17781268e-05 ...,  -2.72040710e-04
    2.55158514e-05   3.75670675e-06]
 [  1.79497591e-03  -1.47773814e-02  -3.56777672e-02 ...,  -3.49543742e-09
    6.60574206e-10  -1.35438766e-09]
 [ -2.51605549e-10   1.15459018e-07   5.23375252e-08 ...,  -3.53327803e-03
   -1.10493410e-03   1.24609890e-03]]

Ted Cruz:
MSE: 8489961.927951
PCA_Matrix:
[[  2.60094544e-02  -4.32843088e-02  -4.27220197e-02 ...,   4.95874935e-05
    2.47152334e-05   6.40716447e-05]
 [  2.44617285e-02  -4.04626513e-02  -4.17819996e-02 ...,   2.90361896e-04
    2.49843672e-04  -1.41438972e-05]
 [  9.80383884e-08  -3.17959338e-07  -3.80877686e-07 ...,  -3.86408704e-01
   -1.54700319e-01  -3.99684964e-01]
 ..., 
 [  2.75096457e-05  -8.35280301e-05  -6.16597843e-05 ...,  -1.04436192e-03
   -1.32516165e-03  -6.35704090e-05]
 [  3.45052931e-03   5.13898300e-04   1.87273278e-02 ...,   1.75771706e-06
    4.96984169e-07  -1.26369599e-06]
 [  2.37203322e-08  -9.27637911e-08  -7.05387572e-08 ...,  -4.26494807e-02
    7.45860510e-03   1.53773038e-02]]

Hillary Clinton:
MSE: 16792512.153408
PCA_Matrix:
[[  2.61597719e-02  -4.47249361e-02  -4.13143956e-02 ...,   2.71793235e-05
    1.52152641e-06   3.00354639e-06]
 [  2.45949180e-02  -4.18533944e-02  -4.04477250e-02 ...,  -5.05202413e-05
   -2.68780101e-04   1.28611492e-05]
 [  1.02850644e-07  -3.48032783e-07  -3.85873968e-07 ...,   4.95078696e-02
    2.05300428e-03   2.10465709e-02]
 ..., 
 [  2.79426482e-05  -8.70550161e-05  -5.52819633e-05 ...,   1.71932989e-04
    7.13438264e-05   2.08903109e-04]
 [ -1.70522080e-03   1.03780652e-02   1.39991316e-02 ...,  -1.31073942e-07
   -9.99686317e-08   2.81967734e-08]
 [ -1.52010837e-09  -1.04873690e-08  -1.22433175e-08 ...,  -1.49569358e-02
   -3.41517134e-02   3.39691483e-02]]

Bernie Sanders:
MSE: 15880140.084440
PCA_Matrix:
[[  2.61596832e-02  -4.47141883e-02  -4.13325452e-02  -2.45093887e-03
    5.57412422e-01   5.71467348e-02   8.51185617e-02  -1.01518299e-01
    2.34958140e-01  -7.42330655e-02   1.04032055e-01  -7.54200625e-01
    3.72796071e-02   7.97951264e-02]
 [  2.45948295e-02  -4.18425291e-02  -4.04642242e-02  -7.88963961e-04
    5.37628844e-01   5.92459563e-02   6.14386159e-02   4.36595051e-03
    8.15411361e-02   4.46018463e-02   2.96017457e-02   4.15219544e-01
   -2.95758070e-03  -7.22643625e-02]
 [  1.02848824e-07  -3.47847914e-07  -3.85856120e-07   2.66219982e-07
    5.70424833e-06  -2.48675101e-05   4.44614752e-07  -6.27044961e-05
   -1.22914401e-05  -1.18097075e-04  -4.27744911e-06  -1.77515782e-04
    1.30779434e-04  -7.43140903e-05]
 [  2.45926384e-02  -4.18389081e-02  -4.04675163e-02  -7.91698672e-04
    5.37618385e-01   5.93034702e-02   6.08071543e-02   4.11492778e-03
    8.16611311e-02   4.40428688e-02   3.23330098e-02   4.16018570e-01
   -2.53621659e-03  -6.92923308e-02]
 [  1.44660265e-08  -1.64180308e-08  -2.94027465e-08   4.11101528e-08
    5.11672124e-07   3.33233184e-06  -2.21051398e-06  -1.72533072e-05
    1.91650949e-05  -1.05134143e-05   1.35883319e-05  -2.14844731e-09
    5.48396354e-05  -2.27034244e-05]
 [  3.11537882e-08   5.84379927e-09  -6.20153567e-08   1.83080149e-07
    1.18020479e-06   6.72009820e-06   5.06626231e-06  -6.67619736e-05
    7.27537133e-05  -8.09221842e-05   1.99122149e-05   7.38987141e-06
    9.43159089e-05  -4.35621495e-05]
 [ -1.02885658e-07   1.26990488e-07   3.37174049e-07  -2.21263709e-07
   -3.89045293e-06   7.56532111e-06   1.08047795e-05   5.04559212e-05
   -1.01776784e-04   6.37561788e-05  -4.89614384e-05  -2.03946895e-05
   -1.18605385e-04   1.23329790e-05]
 [  2.70116030e-08  -3.24219624e-08  -1.67920808e-07   1.84740774e-07
    7.78566951e-07  -1.02788451e-06  -2.62986727e-06   2.44375506e-05
   -1.21233587e-05   2.85910575e-06  -1.29991649e-05   9.02267206e-06
    1.00909939e-04   3.59725422e-05]
 [ -1.91676103e-07   3.29247897e-07   3.24651445e-07   5.40500422e-07
   -1.06719714e-05  -4.19305245e-05   5.10756094e-05  -3.36301980e-04
   -8.65621367e-05  -4.84800145e-04  -2.89389341e-04   2.01946156e-05
    1.60880090e-04   3.56131389e-04]
 [  1.23028898e-07  -7.26757285e-08  -1.13841433e-07  -3.51951448e-07
    4.66631196e-06   4.67787112e-05  -4.67676112e-05   3.16031286e-04
    5.45275037e-05   5.20151806e-04   2.52717826e-04   5.64313766e-06
   -2.08061312e-04  -3.31389139e-04]
 [ -1.46158033e-08   1.22326414e-09   7.87714153e-08  -1.23554748e-07
    6.82963449e-07   4.14275724e-06   3.34546299e-06   2.17788874e-05
    7.04341000e-06   8.41021762e-06   2.17699021e-05  -1.34186123e-05
   -6.89147324e-06  -3.17880372e-05]
 [  7.25010799e-08  -2.17412837e-07  -2.18560618e-07   1.22254620e-09
    4.41410851e-06  -7.35646341e-06  -6.44236562e-06  -7.74818062e-06
    2.40866195e-05  -3.03375355e-05   9.60184969e-07  -8.78246252e-06
    4.36464367e-05   4.83301018e-05]
 [  1.09090028e-09  -6.11551436e-09  -8.78875532e-09  -2.12924383e-08
    7.93543391e-08  -1.76315579e-07   1.82875377e-07  -1.37191221e-07
    1.27245909e-06   9.15083658e-08   2.88503430e-06  -1.26444085e-06
    2.84749245e-06  -5.68111319e-06]
 [  9.55239446e-09  -3.55532322e-08  -6.29211237e-08  -4.50302305e-08
    8.30576413e-07  -1.45450198e-06  -1.30822591e-06   6.39008015e-06
   -3.16934639e-07  -1.35170803e-05   1.13447179e-05  -2.37349596e-06
    8.08200703e-06  -3.63746210e-05]
 [  1.91929602e-07  -8.40855663e-07  -1.42468115e-08  -1.00444125e-07
    1.43933967e-05   2.83098297e-05   4.46690435e-05  -5.09094019e-04
    6.96428629e-06   1.63655822e-04   9.60862511e-05  -1.06694426e-04
    2.26726452e-04  -2.28478863e-04]
 [ -3.65306136e-07   1.09016360e-06   3.09480801e-07   6.18831279e-07
   -2.20201794e-05  -7.00045239e-05   8.90539397e-06   1.59439506e-04
   -9.23706344e-05  -6.39252623e-04  -3.66698906e-04   1.22722702e-04
   -4.86420584e-05   5.99126324e-04]
 [ -5.94136031e-08   1.96728647e-07   2.89854038e-07   2.45529712e-07
   -7.53702827e-07   3.44599254e-06   1.85035904e-05   1.69066086e-05
    3.01292619e-05  -1.37731515e-05  -6.98589575e-05   5.90169637e-05
   -2.29382589e-04   1.25902525e-04]
 [  1.99824552e-07  -7.53081934e-07  -2.84913943e-07   1.56734216e-07
    1.18215203e-05  -1.07382027e-05   1.85073086e-05  -1.01348501e-04
    2.04745162e-05   4.64767059e-05  -6.18912841e-05  -4.63224201e-05
    9.35391177e-05  -1.42019946e-05]
 [  2.67380942e-07  -1.04867221e-06  -2.79180550e-07   1.33819029e-07
    1.86391873e-05   9.72447529e-06   3.42011168e-05  -3.64526522e-04
    3.60508309e-05   1.50272428e-04   2.18551846e-05  -7.28150695e-05
    1.99545091e-04  -1.16616597e-04]
 [  6.87530507e-08  -2.26789700e-07  -5.66528341e-07   6.24231230e-07
   -1.61940134e-06  -5.33502290e-05  -1.62222324e-05   1.29122804e-05
   -4.03892326e-05  -3.76491568e-04  -1.47147767e-04   4.23610257e-05
    1.57380104e-04   3.44656190e-05]
 [  2.65096356e-07  -8.13696349e-07  -1.11830292e-06   1.32682639e-06
    4.02635090e-06  -9.48691891e-05  -6.20263612e-05  -4.05412586e-05
   -2.44126290e-05  -2.11154226e-04  -1.00365033e-04  -5.83250293e-05
    2.55018802e-04   1.94444350e-04]
 [  1.33970548e-03  -2.68536616e-03  -3.77863554e-03  -6.57969160e-04
    1.90960334e-02   1.07657780e-03  -1.68141203e-02   3.44868630e-02
   -2.13974483e-01  -2.03922368e-01   3.28429882e-01  -5.07029037e-02
   -3.11289869e-02  -8.03197674e-01]
 [  2.88120103e-08  -1.61935414e-07   3.27060605e-08   2.51637616e-07
    9.89366316e-06  -1.20582547e-05   3.12186821e-05   2.47813133e-05
    2.79248525e-05  -1.74676108e-05   1.92194499e-05  -1.87466753e-05
   -4.10760978e-04  -2.41823185e-05]
 [  1.04123809e-02  -1.81609868e-02  -1.83243798e-02  -2.71498325e-03
    2.05377122e-01   2.35228032e-02  -1.02151076e-01   1.85524941e-01
   -7.93302676e-01  -6.50054713e-02  -1.66643795e-01  -1.88946081e-01
   -2.22455051e-02  -2.34090899e-02]
 [ -1.90554325e-07   4.55846702e-07   5.55980342e-07   5.67569824e-07
   -9.26247133e-06  -7.66429093e-06   5.31730577e-05  -4.51883756e-05
    9.40392729e-06  -2.38301424e-04  -1.36086073e-04   1.48019396e-05
   -4.67161242e-04  -9.53623686e-05]
 [  3.77022029e-07  -1.00115272e-06  -1.33040332e-06   3.54722093e-07
    1.82761306e-05  -3.68046131e-05  -6.10872223e-05   2.33667587e-05
   -9.04982732e-05   1.05376559e-04  -3.29382325e-05   3.21212535e-05
    5.97352845e-04   2.28611881e-04]
 [  1.19792019e-03  -6.26008373e-03  -5.83353907e-03   6.71751904e-03
    1.05147831e-01  -9.84226068e-01   9.80504385e-03   1.19102456e-02
   -2.14792446e-02   1.26546876e-01   5.04359069e-02  -9.96148120e-03
   -2.40349950e-02  -1.19105540e-03]
 [  8.95347274e-03  -1.52501718e-02  -1.59871056e-02  -2.00371429e-04
    1.84055512e-01   1.81374489e-02  -1.52301421e-01   1.00337875e-01
   -3.64603941e-01  -9.96524706e-02  -3.56852170e-02   1.12698425e-01
   -7.52918207e-03   4.29597275e-01]
 [  2.53100089e-09  -8.58175869e-09  -4.30566695e-09   1.66346704e-08
    3.14589342e-07   2.78725137e-08   1.77089760e-06  -5.22126230e-06
    4.42766625e-06   1.23146567e-07   3.56215819e-06  -4.17633817e-07
   -3.22054537e-06  -1.28337441e-05]
 [  1.22870437e-04  -3.91261019e-04  -5.16270534e-04   5.82372134e-04
   -1.27902367e-04  -5.89367499e-02  -2.59001037e-02  -6.43907850e-02
   -2.28161097e-02  -3.02389038e-01  -1.50994916e-01   2.85509214e-02
    4.93191209e-02   1.49334822e-01]
 [  2.29755557e-04  -7.71360785e-04  -1.07715174e-03   1.69691532e-03
    5.88379156e-03  -1.23898968e-01   7.43077132e-03  -2.40653680e-01
    1.12805855e-01  -8.44329168e-01  -2.61522196e-01   9.56924158e-02
   -2.19927397e-02  -2.53803422e-02]
 [ -4.24915860e-08   1.67582093e-07   2.76451275e-07  -5.27494468e-07
    9.94406271e-07   5.00992495e-05  -6.91804968e-06   1.08977453e-04
   -4.20968843e-06   4.99070975e-04   2.01955989e-04  -6.16811556e-05
    1.56613750e-06  -4.33982002e-05]
 [  6.13163347e-04  -1.26775026e-03  -8.76197341e-04   3.80570527e-04
    6.80148013e-03  -2.40732501e-03  -1.72134734e-02   1.98946100e-03
   -3.60106105e-03   2.25822882e-02  -9.42779234e-02   1.05779320e-02
   -6.38729436e-03  -5.35924211e-02]
 [  1.10995881e-02  -1.61709153e-02  -1.37595260e-02  -5.43585772e-03
    6.96776293e-02  -2.49511309e-03  -9.71855797e-01  -3.89700608e-02
    1.83188799e-01   4.54874639e-02  -2.99994485e-02  -1.80387951e-02
    5.86228511e-03  -8.00525150e-02]
 [  3.11766225e-08  -4.68580319e-08  -9.27374875e-08   5.81580151e-09
    9.35601540e-07  -5.62612325e-06   9.67881545e-07  -4.99091585e-05
   -2.03804228e-06  -3.61192874e-05  -1.91502385e-05  -4.53330058e-05
   -3.04178408e-05   3.88676351e-06]
 [  2.17265950e-03  -4.55552090e-03  -2.07214627e-03   6.46928306e-04
    4.82889924e-02   1.72465877e-03   6.00100601e-02  -1.75803160e-02
    5.77324885e-02   1.90028322e-01  -6.29373193e-01  -1.20519987e-01
   -3.62370454e-03  -1.98170998e-01]
 [  2.33098796e-03  -5.02547583e-03  -2.84106888e-03   1.59508618e-03
    4.66130570e-02  -3.83809046e-03   4.19431184e-02  -4.64301098e-03
    3.47177712e-02   1.76860275e-01  -5.88839106e-01   7.00336234e-03
   -8.72359295e-03  -2.62893968e-01]
 [  1.43178499e-07  -1.91267999e-07  -3.44045814e-07   1.19554056e-07
    7.72130389e-06   7.67574376e-06  -2.20153669e-05   9.47667975e-05
   -2.25264453e-06   1.10844423e-04   6.00179413e-05   5.06909756e-05
    4.84725476e-05  -1.91145332e-04]
 [  5.55962127e-09  -1.25435157e-08  -1.46328127e-08  -1.21004401e-08
    7.91349436e-07   1.15490794e-06   6.40211193e-07   1.10936940e-05
    1.97495289e-06   1.25312048e-06   7.29995864e-06  -3.22713560e-06
    2.25387494e-08  -1.98505076e-05]
 [  8.53976738e-08  -2.25642709e-07  -2.20607482e-07  -1.25976589e-08
    5.53398386e-06  -4.62839770e-06  -1.74330874e-06  -1.21841532e-06
    1.89915552e-05  -2.22487668e-05   7.71243229e-06  -1.93854511e-06
    4.66438358e-05   1.10358405e-05]
 [  6.90592413e-10  -1.84954622e-09  -1.57248311e-09  -1.03637562e-08
    7.27714905e-09  -1.62072502e-08   4.96646326e-08  -7.34810769e-08
    3.28567899e-07   5.78695138e-09  -2.97255568e-09   7.91492693e-08
    4.54294167e-08  -1.04197497e-06]
 [  1.65999799e-07  -6.78392874e-07  -2.29625595e-07   5.02840742e-07
    1.43457235e-05   7.63889540e-06   4.39454267e-05  -1.11356443e-04
    4.31576156e-05   1.04912195e-04   1.81289163e-05  -9.53097058e-05
    1.30207567e-04  -2.76562410e-04]
 [  2.60423906e-07  -3.97746513e-07  -1.45425948e-06   9.70919192e-07
    1.37692244e-05  -3.90408445e-05   4.10966681e-06   9.87480488e-05
   -4.13077900e-05   2.48735172e-05   7.83087309e-05   4.02235023e-05
    4.90227925e-04  -3.55310633e-04]
 [  6.01895189e-01   6.64553398e-01  -4.42508249e-01  -1.38169925e-02
   -8.73806648e-03  -1.86258955e-03   1.78050686e-03   1.87558450e-04
    8.04829325e-04   7.14462767e-04  -1.33338503e-03  -6.68519711e-04
   -1.53258268e-04  -2.16824795e-04]
 [  7.20307756e-01  -2.13170757e-01   6.59980373e-01  -1.12348210e-02
   -3.34427357e-04  -1.77763544e-03   1.96284343e-03   1.66789636e-04
   -1.92410407e-03  -8.39934176e-04   1.34181747e-03   1.04311746e-03
    1.03262243e-04   1.49375425e-04]
 [  3.37158156e-01  -6.94790226e-01  -5.88963055e-01   2.07645869e-01
   -1.15638742e-01  -2.21160895e-03   1.43068130e-02   6.12240740e-05
    8.97377575e-04   1.42392089e-03   1.22585004e-03   8.24908216e-04
   -1.78825456e-03   2.36685054e-03]
 [  1.05928842e-04  -3.75355522e-04  -5.92659610e-04   7.75420365e-04
   -8.73888809e-03  -2.45121727e-02   1.03473688e-03   2.08380166e-03
   -3.47291958e-02  -2.69471312e-03  -2.41725943e-03   2.66075712e-02
    9.96432980e-01  -3.80015839e-02]
 [  5.46224139e-02  -1.54188173e-01  -1.26124820e-01  -9.77992172e-01
   -2.68612154e-02  -7.73577533e-03   8.56705236e-03  -1.15593383e-03
    7.92803782e-04   3.04815007e-04  -1.21151825e-03   2.15163536e-03
    1.71983050e-04   8.27904581e-04]
 [  1.52438059e-04  -1.15338558e-04  -5.54929395e-05  -2.67743928e-04
    1.15777125e-03  -8.33364876e-04  -4.23618842e-03  -7.05398983e-03
    5.45321726e-03  -1.34455802e-02   1.63852964e-02  -8.51267349e-02
    9.23339649e-03   8.89665983e-03]
 [  7.74974702e-06  -6.33992250e-05  -5.07717592e-05  -2.81078943e-04
    2.15456912e-05  -2.90546839e-04   5.90764320e-03  -3.55352704e-03
   -8.69307349e-03  -1.68075918e-03   1.83122001e-02  -6.34609596e-03
    1.30102154e-02  -1.95411505e-02]
 [  2.79423069e-05  -8.70262027e-05  -5.52855734e-05   1.23173124e-04
    6.76713154e-03  -1.43903046e-03  -1.36549341e-03   2.09633386e-03
    6.14405135e-03   1.02054476e-02  -2.55333327e-05   1.99434945e-02
    1.53813010e-02   1.03948588e-01]
 [  9.55687184e-05   3.03376207e-04  -3.60471445e-04   7.11164009e-04
    1.37342681e-03   2.43629948e-02  -6.77008613e-03  -9.38004692e-01
   -2.65057265e-01   2.10250896e-01   5.79805683e-02   3.53276705e-02
   -6.47507500e-03   7.14377347e-03]
 [ -2.60303611e-09   2.15820323e-09  -3.22113808e-08  -9.16000457e-08
   -1.62389423e-07  -1.57039062e-06  -1.04933247e-06   4.55832766e-05
    4.65695688e-06  -2.08229774e-05  -1.66318286e-05   1.63088195e-05
   -1.12490375e-06   6.73461092e-06]]

